.Random.seed <-
c(403L, 10L, -572949166L, -809372979L, -764360057L, 639274350L, 
-1285519544L, -813120693L, -1113150807L, 53911544L, -2030080218L, 
749727809L, 1004577235L, -855585918L, 664453044L, -1816602825L, 
1476562477L, -930095292L, -437748630L, 410781397L, 1014853743L, 
-1969622666L, 543546016L, -1326315677L, 778849281L, 289838960L, 
1211457294L, -2141005447L, 1181420811L, -367053254L, -1579111108L, 
1022009983L, -1369028139L, 1917781996L, 1236359490L, 1601988253L, 
1133835031L, -322010498L, 480211512L, 590857499L, -1737665927L, 
558780104L, -614398218L, -840904911L, 1962174307L, 93445426L, 
479460996L, -2042529081L, 1647827357L, -361861868L, 1338598330L, 
-1114659323L, 1410369503L, -529187226L, -586446352L, 994051859L, 
-991377231L, -1952867488L, 238299390L, 19658889L, 14968763L, 
-626572918L, -176369556L, 1678209519L, -128333275L, -1195032868L, 
-1604602702L, 601053101L, -2024395929L, -1276942194L, -1923963544L, 
372684139L, 49846025L, -1480799848L, -2078093114L, -2119880159L, 
-665961805L, 1257531426L, -888303084L, 1681151639L, -1299773299L, 
-1031254620L, 1944391562L, -198255627L, 1101533775L, 525403478L, 
1349771264L, 1922179395L, -1391530783L, 2074379856L, 799472302L, 
-1989452199L, 1343481451L, -1099609126L, -899416932L, -1321642337L, 
-1047134987L, -120586868L, -448231326L, 729876541L, 2133447351L, 
572315998L, -1652440936L, 1625885691L, 868096409L, 1781869096L, 
766274262L, 434683729L, -705666557L, -681790062L, -1901710556L, 
975324647L, -1843826115L, 1973652660L, -1960195302L, 10494053L, 
-356431617L, -676140666L, -2047754480L, -1593267277L, -805509039L, 
-1651450880L, 512859358L, 1982713641L, 1818800859L, 717285866L, 
-1686990452L, 1516672719L, 2016135813L, 2859324L, 290507794L, 
1155900173L, 1057361991L, -2117647826L, 2068122504L, -744601973L, 
-358729623L, 903062584L, -782859034L, -1335464831L, 1325427731L, 
1563814850L, 73012340L, 400222839L, 493736813L, -1515322364L, 
-1189667030L, -100459371L, -828384465L, 1570515510L, 2037689952L, 
-425349981L, -651008063L, 981144496L, 279459534L, 2111218745L, 
899504715L, -103796742L, -1554765060L, -482115777L, 1866346517L, 
-1611341012L, -1875138558L, -969092387L, -1962272297L, -493005634L, 
1178595064L, 458325211L, -1234665671L, 1585027720L, -69747146L, 
277941873L, 440454307L, 612943346L, -1244740284L, -1659197945L, 
1041073117L, -907367212L, -424406022L, -1660861627L, -653559905L, 
-1683047130L, -1231059536L, -2068767149L, -1037682319L, -1630932832L, 
-1785814978L, -1694849207L, -922530309L, 647066058L, 2049376044L, 
-487448785L, -24203803L, 43471004L, 1108718834L, -403690131L, 
274905767L, 1516639438L, 2139060776L, 1495697963L, 1826791497L, 
1004003672L, -885598202L, -1784649247L, 1128092531L, 730302434L, 
190107476L, 1035666007L, 875557453L, -1688685084L, -918220854L, 
7139893L, 850917519L, -1204762218L, 1495905600L, 903317507L, 
-544622047L, 2113330448L, -1654533394L, 18189977L, 321695531L, 
-397170150L, 508508380L, 305820895L, -1398713675L, 366978124L, 
-1327081310L, -201050115L, -101120777L, -1905148628L, 1185925364L, 
-262036078L, -423806624L, -900302836L, 1304735456L, -1887540638L, 
-1608933720L, -1046243764L, -1573954692L, 648803634L, 160112240L, 
1410493252L, 1189270488L, 496226170L, 1199493680L, -140350532L, 
-1055636908L, 1377274946L, 1161197728L, 2058515132L, 867024336L, 
600512354L, -2109402392L, 432051404L, 830828028L, 1754438130L, 
745698944L, -1545828876L, -454770040L, -716605638L, -491700400L, 
1309318252L, -100995692L, 441629778L, 1893648864L, 161117388L, 
-412385120L, -628209278L, -1945970456L, -1393773844L, 1985017148L, 
55721074L, -1048664976L, 501550116L, 914071608L, 1423244058L, 
743202000L, 293219132L, 1547892628L, 1881436034L, 804931008L, 
-1501097412L, -855201392L, -207795678L, 1910451464L, 213785228L, 
-410032356L, 1786200210L, 1951629696L, -490053100L, -874855640L, 
-2086689222L, 2085398992L, -1222797972L, -295402572L, -1115788270L, 
264040928L, -255245364L, -1475608352L, 810588194L, 1445997864L, 
-91089396L, 752677692L, -1422965774L, -2104770832L, -1177191868L, 
-554500520L, -1982491846L, 1430585840L, 755818172L, 1597254932L, 
232390338L, -1433198496L, 1840482172L, -196428848L, -1691701982L, 
-695294296L, 2122320780L, 2011970748L, 503396146L, 745656896L, 
-361174860L, 32295496L, -319500870L, 375599632L, -851747092L, 
-272646828L, 392856850L, -99485280L, -194617652L, -1774602656L, 
642614210L, -1099324632L, 2111724460L, -1450254532L, -889664142L, 
1947877168L, -356743900L, -1718924488L, -97329446L, -486337648L, 
-1892648196L, -785730668L, -437305278L, 1236386048L, -1766935492L, 
1507407184L, -545034078L, 1300020552L, 48864012L, -2089774372L, 
1735139666L, -763805568L, -911745964L, -1258984472L, 6309114L, 
-534798512L, 639643436L, -1715270284L, 1881501586L, 873454688L, 
1032922508L, 1725299552L, -1945139742L, -1442528344L, -416583476L, 
352484348L, 2593202L, -1397416464L, 1676824516L, -453312168L, 
1708623226L, 1158393776L, -327551556L, 358274132L, -1796544574L, 
-1536014304L, 1562388668L, 382219856L, -362680350L, -58496920L, 
159465548L, -748382980L, 761870322L, 1944050944L, -33196684L, 
1103144968L, 99595194L, 2010711504L, -2041384980L, 1305988500L, 
-1797334574L, 817291616L, 829586252L, -852047584L, -1306130558L, 
-524155160L, -1420316436L, -809547716L, 67874674L, -943587728L, 
-1339876316L, 687007544L, 809964698L, 38970064L, -694064964L, 
397784724L, -78053758L, 22956224L, -132948164L, 1976152208L, 
-1286982110L, 1482898440L, -999711476L, 1384881308L, -59960814L, 
-1145871488L, 417183252L, 886298152L, -2018394822L, -945474096L, 
798797932L, 1315579188L, 1090626194L, -1885030560L, 725659468L, 
-1971728416L, 1477929890L, -1832555608L, -552445556L, 837903548L, 
801354098L, -1457966864L, 1979965508L, -537408168L, 1141342778L, 
215949168L, -830706628L, -1885680876L, 308483522L, 1726191328L, 
1021162364L, -1574358320L, -1675848542L, -2069133272L, -96696052L, 
-950914116L, 1892861234L, 426516928L, 1668297268L, -1027389496L, 
-1857985350L, -1450305136L, -1977990676L, 259767892L, -1725723502L, 
656954386L, 708388320L, 579913801L, -1024553349L, 1563309900L, 
1087627994L, 1622550223L, -2116557159L, 1577753262L, -1602287684L, 
-193773523L, 34930647L, -1036061152L, 585398142L, -791725749L, 
1367063373L, 1015482746L, -178107464L, -1041378975L, 1303158035L, 
-992099020L, 597323586L, -566972585L, -327835999L, -1065275546L, 
1242417508L, -255480683L, 1433568703L, 529516888L, -167098506L, 
1200420227L, -1275711547L, -1789463326L, -1127993008L, -1039486855L, 
1424683947L, -813582052L, -93327798L, 647907903L, -1522205047L, 
912566942L, 152409932L, -2002448611L, -226341209L, -1599715888L, 
1406311790L, -265998309L, 1807524221L, -1627687062L, 1706824200L, 
-1588717903L, 716402979L, 398344740L, -735835950L, 1857585447L, 
1380969329L, -1899316810L, -993300140L, -1148153883L, 1690225135L, 
417165608L, -732526202L, 2001188275L, 402135317L, 862301042L, 
-1220073536L, 825116713L, 601859227L, 1167868268L, -744756870L, 
-1337668945L, 599900601L, 1272212430L, 2021569308L, 1902709389L, 
-536857865L, 1799337472L, -541077410L, 888605483L, 1474734125L, 
-494382950L, 860795992L, -1517235263L, -822133645L, -257342060L, 
-1870431198L, 2123135799L, -819610111L, -1318785274L, 1479631684L, 
-1256917387L, 2105599967L, 552622904L, 552447254L, 1380053283L, 
1766611685L, 2121503490L, -1232144016L, -9481959L, -524488437L, 
63271420L, -532411862L, -20137377L, -1104909847L, -1107377410L, 
-1319359764L, 516561469L, 42859015L, 1115131376L, -1684718194L, 
1444422587L, -81101411L, 937952074L, -1493199000L, 1366071633L, 
2138987075L, 1170390852L, 838890482L, 717097415L, 1635205009L, 
-967514346L, -1850731660L, -1308505595L, -64882097L, 167147080L, 
-1718831130L, -274261741L, -1059281291L, -532136878L, -1248807264L, 
-767102071L, 1188204475L, -390017012L, 1471421850L, 1042128143L, 
-317652135L, 906722798L, 1296169084L, -2045580051L, -640119913L, 
-718187424L, -1380837826L, -1044193525L, 1703273869L, 545443514L, 
1755340024L, 786332321L, -682755501L, -55827084L, 1781869314L, 
